Command: C:\Espressif\tools\python\v6.0\venv\Scripts\python.exe C:\esp_idf\.espressif\v6.0\esp-idf\tools/idf_monitor.py -p COM3 -b 115200 --toolchain-prefix xtensa-esp32s3-elf- --target esp32s3 --revision 0 C:\LSM6D_intern\imu_demo_lsm6d\build\imu_demo_lsm6d.elf C:\LSM6D_intern\imu_demo_lsm6d\build\bootloader\bootloader.elf --force-color -m 'C:\Espressif\tools\python\v6.0\venv\Scripts\python.exe' 'C:\esp_idf\.espressif\v6.0\esp-idf\tools\idf.py' '-p' 'COM3'
ESP-ROM:esp32s3-20210327
Build:Mar 27 2021
rst:0x15 (USB_UART_CHIP_RESET),boot:0x3b (SPI_FAST_FLASH_BOOT)
Saved PC:0x4037bd93
SPIWP:0xee
mode:DIO, clock div:1
load:0x3fce2820,len:0x14f0
load:0x403c8700,len:0xda0
load:0x403cb700,len:0x2f58
entry 0x403c8908
[0;32mI (24) boot: ESP-IDF v6.0 2nd stage bootloader[0m
[0;32mI (24) boot: compile time Apr  9 2026 13:14:12[0m
[0;32mI (25) boot: Multicore bootloader[0m
[0;32mI (25) boot: chip revision: v0.2[0m
[0;32mI (27) boot: efuse block revision: v1.3[0m
[0;32mI (31) boot.esp32s3: Boot SPI Speed : 80MHz[0m
[0;32mI (35) boot.esp32s3: SPI Mode       : DIO[0m
[0;32mI (39) boot.esp32s3: SPI Flash Size : 2MB[0m
[0;32mI (42) boot: Enabling RNG early entropy source...[0m
[0;32mI (47) boot: Partition Table:[0m
[0;32mI (49) boot: ## Label            Usage          Type ST Offset   Length[0m
[0;32mI (56) boot:  0 nvs              WiFi data        01 02 00009000 00006000[0m
[0;32mI (62) boot:  1 phy_init         RF data          01 01 0000f000 00001000[0m
[0;32mI (69) boot:  2 factory          factory app      00 00 00010000 00100000[0m
[0;32mI (75) boot: End of partition table[0m
[0;32mI (79) esp_image: segment 0: paddr=00010020 vaddr=3c020020 size=0a698h ( 42648) map[0m
[0;32mI (94) esp_image: segment 1: paddr=0001a6c0 vaddr=3fc91600 size=030dch ( 12508) load[0m
[0;32mI (97) esp_image: segment 2: paddr=0001d7a4 vaddr=40374000 size=02874h ( 10356) load[0m
[0;32mI (103) esp_image: segment 3: paddr=00020020 vaddr=42000020 size=14e60h ( 85600) map[0m
[0;32mI (124) esp_image: segment 4: paddr=00034e88 vaddr=40376874 size=0ace8h ( 44264) load[0m
[0;32mI (134) esp_image: segment 5: paddr=0003fb78 vaddr=50000000 size=00024h (    36) load[0m
[0;32mI (140) boot: Loaded app from partition at offset 0x10000[0m
[0;32mI (140) boot: Disabling RNG early entropy source...[0m
18767,0.99988,0.00665,-0.00848,0.01106,-0.98,0.75,1.26
18801,0.99989,0.00492,-0.00835,0.01079,-0.96,0.55,1.23
18834,0.99989,0.00521,-0.00814,0.01118,-0.94,0.59,1.28
18867,0.99989,0.00549,-0.00822,0.01111,-0.95,0.62,1.27
18900,0.99989,0.00566,-0.00823,0.01115,-0.95,0.64,1.27
18934,0.99988,0.00612,-0.00813,0.01142,-0.94,0.69,1.30
18967,0.99988,0.00600,-0.00800,0.01160,-0.92,0.68,1.32
19000,0.99988,0.00615,-0.00803,0.01159,-0.93,0.69,1.32
19033,0.99988,0.00594,-0.00802,0.01155,-0.93,0.67,1.32
19067,0.99988,0.00608,-0.00799,0.01163,-0.92,0.69,1.33
19100,0.99988,0.00652,-0.00811,0.01159,-0.94,0.74,1.32
19133,0.99988,0.00679,-0.00820,0.01154,-0.95,0.77,1.32
19166,0.99987,0.00710,-0.00830,0.01149,-0.96,0.80,1.31
19200,0.99987,0.00722,-0.00838,0.01141,-0.97,0.82,1.30
19233,0.99987,0.00731,-0.00833,0.01152,-0.96,0.83,1.31
19267,0.99987,0.00774,-0.00833,0.01168,-0.97,0.88,1.33
19300,0.99986,0.00833,-0.00853,0.01162,-0.99,0.94,1.32
19333,0.99986,0.00852,-0.00851,0.01173,-0.99,0.97,1.34
19366,0.99986,0.00821,-0.00837,0.01181,-0.97,0.93,1.35
19400,0.99987,0.00795,-0.00842,0.01162,-0.98,0.90,1.32
19433,0.99986,0.00819,-0.00841,0.01175,-0.97,0.93,1.34
19466,0.99986,0.00836,-0.00835,0.01191,-0.97,0.95,1.36
19499,0.99986,0.00859,-0.00833,0.01206,-0.97,0.97,1.37
19533,0.99985,0.00877,-0.00825,0.01226,-0.96,0.99,1.40
19566,0.99985,0.00917,-0.00835,0.01229,-0.97,1.04,1.40
19600,0.99985,0.00908,-0.00821,0.01248,-0.95,1.03,1.42
19633,0.99985,0.00889,-0.00797,0.01278,-0.93,1.01,1.46
19666,0.99984,0.00904,-0.00791,0.01296,-0.92,1.02,1.48
19699,0.99984,0.00898,-0.00780,0.01313,-0.91,1.02,1.50
19733,0.99985,0.00874,-0.00779,0.01303,-0.91,0.99,1.49
19766,0.99985,0.00866,-0.00776,0.01303,-0.90,0.98,1.49
19799,0.99984,0.00888,-0.00780,0.01307,-0.91,1.01,1.49
19832,0.99984,0.00917,-0.00791,0.01303,-0.92,1.04,1.48
19866,0.99984,0.00935,-0.00810,0.01281,-0.94,1.06,1.46
19899,0.99984,0.00950,-0.00827,0.01261,-0.96,1.08,1.44
19933,0.99984,0.00951,-0.00837,0.01244,-0.97,1.08,1.42
19966,0.99984,0.00980,-0.00857,0.01228,-1.00,1.11,1.40
19999,0.99984,0.01001,-0.00874,0.01212,-1.02,1.13,1.38
20032,0.99984,0.01027,-0.00889,0.01204,-1.03,1.17,1.37
20066,0.99984,0.01030,-0.00900,0.01187,-1.05,1.17,1.35
20099,0.99984,0.00998,-0.00882,0.01198,-1.02,1.13,1.36
20132,0.99984,0.00973,-0.00852,0.01232,-0.99,1.10,1.40
20165,0.99984,0.00950,-0.00833,0.01250,-0.97,1.08,1.42
20198,0.99984,0.00949,-0.00829,0.01256,-0.96,1.08,1.43
20232,0.99984,0.00938,-0.00826,0.01256,-0.96,1.06,1.43
20265,0.99984,0.00954,-0.00815,0.01282,-0.95,1.08,1.46
20299,0.99984,0.00973,-0.00820,0.01285,-0.95,1.10,1.46
20332,0.99984,0.00957,-0.00812,0.01290,-0.94,1.08,1.47
20365,0.99984,0.00941,-0.00799,0.01302,-0.93,1.07,1.48
20398,0.99984,0.00939,-0.00787,0.01323,-0.92,1.06,1.51
20432,0.99984,0.00926,-0.00772,0.01341,-0.90,1.05,1.53
20465,0.99984,0.00901,-0.00763,0.01345,-0.89,1.02,1.53
20498,0.99984,0.00911,-0.00772,0.01333,-0.90,1.03,1.52
20531,0.99984,0.00909,-0.00773,0.01331,-0.90,1.03,1.52
20565,0.99984,0.00944,-0.00782,0.01334,-0.91,1.07,1.52
20598,0.99984,0.00946,-0.00796,0.01311,-0.93,1.07,1.49
20632,0.99984,0.00909,-0.00793,0.01297,-0.92,1.03,1.48
20665,0.99984,0.00914,-0.00776,0.01329,-0.90,1.04,1.51
20698,0.99984,0.00948,-0.00792,0.01319,-0.92,1.07,1.50
20731,0.99983,0.00983,-0.00816,0.01297,-0.95,1.11,1.48
20765,0.99984,0.00964,-0.00803,0.01309,-0.93,1.09,1.49
20798,0.99984,0.00944,-0.00783,0.01331,-0.91,1.07,1.52
20831,0.99983,0.00946,-0.00774,0.01350,-0.90,1.07,1.54
20864,0.99983,0.00949,-0.00770,0.01359,-0.90,1.07,1.55
20898,0.99983,0.00954,-0.00768,0.01365,-0.89,1.08,1.56
20931,0.99983,0.00941,-0.00769,0.01356,-0.90,1.07,1.55
20964,0.99983,0.00990,-0.00777,0.01370,-0.91,1.12,1.56
20997,0.99982,0.01016,-0.00774,0.01391,-0.90,1.15,1.59
21031,0.99982,0.01032,-0.00761,0.01428,-0.89,1.17,1.63
21064,0.99982,0.01021,-0.00749,0.01442,-0.88,1.16,1.64
21097,0.99981,0.01029,-0.00746,0.01454,-0.87,1.17,1.66
21131,0.99981,0.01047,-0.00748,0.01462,-0.87,1.19,1.67
21164,0.99981,0.01030,-0.00746,0.01454,-0.87,1.17,1.66
21197,0.99981,0.01050,-0.00749,0.01462,-0.88,1.19,1.67
21230,0.99981,0.01066,-0.00759,0.01454,-0.89,1.21,1.66
21264,0.99981,0.01093,-0.00772,0.01447,-0.90,1.24,1.65
21297,0.99980,0.01124,-0.00777,0.01460,-0.91,1.28,1.66
21330,0.99980,0.01128,-0.00780,0.01457,-0.91,1.28,1.66
21363,0.99980,0.01143,-0.00786,0.01457,-0.92,1.30,1.66
21397,0.99980,0.01129,-0.00778,0.01461,-0.91,1.28,1.66
21430,0.99980,0.01128,-0.00772,0.01474,-0.90,1.28,1.68
21464,0.99980,0.01110,-0.00752,0.01500,-0.88,1.26,1.71
21497,0.99980,0.01099,-0.00751,0.01493,-0.88,1.25,1.70
21530,0.99980,0.01109,-0.00746,0.01512,-0.87,1.26,1.72
21563,0.99980,0.01075,-0.00728,0.01522,-0.85,1.22,1.74
21597,0.99980,0.01096,-0.00735,0.01524,-0.86,1.24,1.74
21630,0.99980,0.01100,-0.00733,0.01531,-0.86,1.25,1.75
21663,0.99980,0.01078,-0.00720,0.01541,-0.84,1.22,1.76
21696,0.99979,0.01084,-0.00711,0.01565,-0.83,1.23,1.78
21730,0.99979,0.01089,-0.00704,0.01584,-0.83,1.24,1.81
21763,0.99979,0.01089,-0.00702,0.01590,-0.82,1.24,1.81
21797,0.99979,0.01086,-0.00702,0.01586,-0.82,1.23,1.81
21830,0.99977,0.01212,-0.00741,0.01608,-0.87,1.37,1.83
21863,0.99977,0.01250,-0.00761,0.01599,-0.89,1.42,1.82
21896,0.99976,0.01269,-0.00769,0.01599,-0.90,1.44,1.82
21929,0.99977,0.01249,-0.00762,0.01594,-0.90,1.42,1.82
21963,0.99977,0.01257,-0.00772,0.01582,-0.91,1.43,1.80
21996,0.99976,0.01260,-0.00766,0.01596,-0.90,1.43,1.82
22029,0.99977,0.01240,-0.00759,0.01594,-0.89,1.41,1.82
22062,0.99977,0.01246,-0.00759,0.01598,-0.89,1.41,1.82
22096,0.99976,0.01250,-0.00757,0.01608,-0.89,1.42,1.83
22129,0.99976,0.01257,-0.00756,0.01616,-0.89,1.43,1.84
22163,0.99976,0.01267,-0.00756,0.01626,-0.89,1.44,1.85
22196,0.99976,0.01243,-0.00750,0.01616,-0.88,1.41,1.84
22229,0.99976,0.01254,-0.00751,0.01625,-0.88,1.42,1.85
22262,0.99976,0.01262,-0.00749,0.01637,-0.88,1.43,1.86
22296,0.99976,0.01260,-0.00741,0.01654,-0.87,1.43,1.88
22329,0.99975,0.01269,-0.00731,0.01686,-0.86,1.44,1.92
22362,0.99975,0.01270,-0.00733,0.01682,-0.86,1.44,1.92
22395,0.99975,0.01269,-0.00734,0.01678,-0.87,1.44,1.91
22429,0.99975,0.01286,-0.00742,0.01677,-0.87,1.46,1.91
22462,0.99975,0.01303,-0.00749,0.01678,-0.88,1.48,1.91
22496,0.99975,0.01290,-0.00747,0.01670,-0.88,1.46,1.90
22529,0.99975,0.01277,-0.00737,0.01678,-0.87,1.45,1.91
22562,0.99975,0.01285,-0.00737,0.01688,-0.87,1.46,1.92
22595,0.99974,0.01311,-0.00745,0.01696,-0.88,1.49,1.93
22628,0.99975,0.01282,-0.00735,0.01689,-0.87,1.46,1.93
22662,0.99976,0.01247,-0.00726,0.01675,-0.86,1.41,1.91
22695,0.99975,0.01253,-0.00722,0.01691,-0.85,1.42,1.93
22729,0.99976,0.01224,-0.00711,0.01688,-0.84,1.39,1.92
22762,0.99978,0.01107,-0.00679,0.01655,-0.80,1.26,1.89
22795,0.99978,0.01053,-0.00651,0.01677,-0.77,1.19,1.91
22828,0.99979,0.01010,-0.00639,0.01673,-0.75,1.14,1.91
22862,0.99980,0.00924,-0.00612,0.01675,-0.72,1.05,1.91
22895,0.99980,0.00826,-0.00569,0.01717,-0.67,0.94,1.96
22928,0.99981,0.00692,-0.00522,0.01760,-0.61,0.78,2.01
22961,0.99981,0.00570,-0.00490,0.01791,-0.57,0.64,2.05
22995,0.99982,0.00447,-0.00477,0.01780,-0.56,0.50,2.04
23028,0.99983,0.00431,-0.00488,0.01743,-0.57,0.48,1.99
23061,0.99983,0.00418,-0.00504,0.01696,-0.59,0.47,1.94
23094,0.99984,0.00477,-0.00547,0.01608,-0.64,0.54,1.84
23128,0.99985,0.00534,-0.00595,0.01517,-0.69,0.60,1.73
23161,0.99986,0.00547,-0.00622,0.01465,-0.72,0.62,1.67
23195,0.99986,0.00584,-0.00640,0.01438,-0.74,0.66,1.64
23228,0.99986,0.00652,-0.00678,0.01388,-0.79,0.74,1.59
23261,0.99987,0.00638,-0.00705,0.01333,-0.82,0.72,1.52
23294,0.99987,0.00656,-0.00728,0.01299,-0.84,0.74,1.48
23328,0.99987,0.00668,-0.00752,0.01260,-0.87,0.76,1.44
23361,0.99988,0.00603,-0.00762,0.01223,-0.88,0.68,1.40
23394,0.99988,0.00600,-0.00781,0.01191,-0.90,0.68,1.36
23427,0.99989,0.00554,-0.00797,0.01151,-0.92,0.62,1.31
23461,0.99990,0.00451,-0.00803,0.01118,-0.93,0.51,1.28
23494,0.99990,0.00307,-0.00801,0.01100,-0.92,0.34,1.26
23527,0.99991,0.00154,-0.00788,0.01108,-0.91,0.17,1.27
23561,0.99991,0.00004,-0.00787,0.01114,-0.90,-0.00,1.28
23594,0.99991,-0.00095,-0.00783,0.01129,-0.90,-0.12,1.29
23627,0.99990,-0.00227,-0.00791,0.01138,-0.90,-0.27,1.31
23660,0.99990,-0.00388,-0.00828,0.01122,-0.94,-0.46,1.29
23694,0.99989,-0.00490,-0.00860,0.01106,-0.98,-0.57,1.27
23727,0.99988,-0.00601,-0.00924,0.01056,-1.05,-0.70,1.22
23760,0.99988,-0.00663,-0.00984,0.00999,-1.12,-0.77,1.15
23793,0.99987,-0.00738,-0.01059,0.00935,-1.21,-0.86,1.08
23827,0.99987,-0.00764,-0.01112,0.00883,-1.27,-0.89,1.02
23860,0.99988,-0.00689,-0.01145,0.00812,-1.31,-0.80,0.94
23894,0.99987,-0.00731,-0.01221,0.00746,-1.39,-0.85,0.87
23927,0.99994,-0.00776,0.00363,0.00686,0.42,-0.89,0.78
23960,0.99995,-0.00777,0.00314,0.00601,0.37,-0.89,0.69
23993,0.99995,-0.00822,0.00265,0.00539,0.31,-0.94,0.61
24027,0.99995,-0.00900,0.00184,0.00444,0.22,-1.03,0.51
24060,0.99995,-0.00883,0.00144,0.00378,0.17,-1.01,0.43
24093,0.99996,-0.00808,0.00144,0.00348,0.17,-0.92,0.40
24126,0.99996,-0.00806,0.00100,0.00286,0.12,-0.92,0.33
24159,0.99997,-0.00761,0.00056,0.00211,0.07,-0.87,0.24
24193,0.99997,-0.00736,0.00043,0.00184,0.05,-0.84,0.21
24226,0.99997,-0.00739,0.00059,0.00207,0.07,-0.85,0.24
24260,0.99997,-0.00766,0.00053,0.00208,0.06,-0.88,0.24
24293,0.99997,-0.00736,0.00062,0.00210,0.07,-0.84,0.24
24326,0.99997,-0.00712,0.00065,0.00206,0.08,-0.82,0.24
24359,0.99997,-0.00706,0.00050,0.00185,0.06,-0.81,0.21
24393,0.99998,-0.00671,0.00073,0.00205,0.09,-0.77,0.23
24426,0.99998,-0.00655,0.00103,0.00240,0.12,-0.75,0.27
24459,0.99998,-0.00656,0.00101,0.00237,0.12,-0.75,0.27
24492,0.99997,-0.00656,0.00118,0.00260,0.14,-0.75,0.30
24526,0.99997,-0.00671,0.00134,0.00287,0.16,-0.77,0.33
24559,0.99997,-0.00692,0.00140,0.00303,0.16,-0.79,0.35
24593,0.99997,-0.00654,0.00175,0.00341,0.20,-0.75,0.39
24626,0.99997,-0.00681,0.00167,0.00337,0.19,-0.78,0.39
24659,0.99997,-0.00664,0.00193,0.00370,0.22,-0.76,0.42
24692,0.99997,-0.00666,0.00198,0.00379,0.23,-0.76,0.43
24726,0.99997,-0.00636,0.00217,0.00397,0.25,-0.73,0.45
24759,0.99997,-0.00641,0.00228,0.00415,0.26,-0.73,0.47
24792,0.99997,-0.00658,0.00231,0.00425,0.27,-0.75,0.49
24825,0.99997,-0.00635,0.00251,0.00449,0.29,-0.73,0.51
24859,0.99997,-0.00617,0.00266,0.00466,0.31,-0.71,0.53
24892,0.99997,-0.00562,0.00283,0.00477,0.33,-0.64,0.55
24926,0.99997,-0.00539,0.00289,0.00480,0.33,-0.62,0.55
24959,0.99997,-0.00546,0.00296,0.00493,0.34,-0.62,0.56
24992,0.99997,-0.00521,0.00312,0.00511,0.36,-0.59,0.58
25025,0.99997,-0.00503,0.00330,0.00536,0.38,-0.57,0.61
25059,0.99997,-0.00473,0.00329,0.00526,0.38,-0.54,0.60
25092,0.99997,-0.00492,0.00330,0.00533,0.38,-0.56,0.61
25125,0.99997,-0.00480,0.00336,0.00540,0.39,-0.55,0.62
25158,0.99997,-0.00465,0.00349,0.00557,0.40,-0.53,0.64
25191,0.99997,-0.00462,0.00359,0.00573,0.41,-0.53,0.65
25225,0.99989,-0.00399,-0.01285,0.00577,-1.47,-0.47,0.67
25258,0.99989,-0.00411,-0.01299,0.00566,-1.49,-0.48,0.66
25292,0.99989,-0.00399,-0.01300,0.00562,-1.49,-0.47,0.65
25325,0.99989,-0.00398,-0.01299,0.00564,-1.49,-0.46,0.65
25358,0.99997,-0.00456,0.00366,0.00583,0.42,-0.52,0.67
25391,0.99996,-0.00443,0.00383,0.00610,0.44,-0.51,0.70
25425,0.99996,-0.00448,0.00407,0.00653,0.47,-0.51,0.75
25458,0.99996,-0.00485,0.00402,0.00654,0.46,-0.55,0.75
25491,0.99990,-0.00425,-0.01226,0.00641,-1.40,-0.50,0.74
25524,0.99990,-0.00399,-0.01210,0.00651,-1.38,-0.47,0.75
25558,0.99990,-0.00347,-0.01194,0.00655,-1.37,-0.41,0.76
25591,0.99990,-0.00311,-0.01187,0.00655,-1.36,-0.36,0.76
25625,0.99990,-0.00349,-0.01189,0.00660,-1.36,-0.41,0.76
25658,0.99990,-0.00354,-0.01203,0.00648,-1.38,-0.41,0.75
25691,0.99990,-0.00364,-0.01204,0.00649,-1.38,-0.43,0.75
25724,0.99990,-0.00359,-0.01196,0.00655,-1.37,-0.42,0.76
25758,0.99990,-0.00324,-0.01181,0.00664,-1.35,-0.38,0.77
25791,0.99990,-0.00352,-0.01196,0.00654,-1.37,-0.41,0.75
25824,0.99990,-0.00355,-0.01187,0.00664,-1.36,-0.42,0.77
25857,0.99990,-0.00309,-0.01154,0.00689,-1.32,-0.36,0.79
25890,0.99991,-0.00282,-0.01137,0.00702,-1.30,-0.33,0.81
25924,0.99991,-0.00266,-0.01141,0.00695,-1.31,-0.31,0.80
25957,0.99991,-0.00255,-0.01130,0.00705,-1.29,-0.30,0.81
25991,0.99991,-0.00239,-0.01124,0.00708,-1.29,-0.28,0.81
26024,0.99991,-0.00214,-0.01121,0.00708,-1.28,-0.25,0.81
26057,0.99991,-0.00230,-0.01120,0.00712,-1.28,-0.27,0.82
26090,0.99991,-0.00195,-0.01109,0.00717,-1.27,-0.23,0.82
26124,0.99991,-0.00178,-0.01113,0.00710,-1.27,-0.21,0.82
26157,0.99991,-0.00150,-0.01102,0.00719,-1.26,-0.18,0.83
26190,0.99991,-0.00141,-0.01100,0.00721,-1.26,-0.17,0.83
26223,0.99991,-0.00173,-0.01121,0.00701,-1.28,-0.21,0.81
26257,0.99991,-0.00150,-0.01115,0.00705,-1.28,-0.18,0.81
26290,0.99991,-0.00139,-0.01129,0.00689,-1.29,-0.17,0.79
26324,0.99991,-0.00131,-0.01133,0.00683,-1.30,-0.16,0.78
26357,0.99991,-0.00140,-0.01129,0.00689,-1.29,-0.17,0.79
26390,0.99991,-0.00136,-0.01120,0.00698,-1.28,-0.17,0.80
26423,0.99991,-0.00140,-0.01111,0.00708,-1.27,-0.17,0.81
26457,0.99991,-0.00155,-0.01109,0.00713,-1.27,-0.19,0.82
26490,0.99991,-0.00143,-0.01094,0.00727,-1.25,-0.17,0.83
26523,0.99991,-0.00124,-0.01080,0.00741,-1.24,-0.15,0.85
26556,0.99991,-0.00102,-0.01059,0.00762,-1.21,-0.13,0.87
26589,0.99991,-0.00096,-0.01027,0.00799,-1.18,-0.12,0.92
26623,0.99991,-0.00099,-0.00978,0.00858,-1.12,-0.12,0.98
26656,0.99991,-0.00120,-0.00946,0.00902,-1.08,-0.15,1.03
26690,0.99991,-0.00150,-0.00926,0.00931,-1.06,-0.18,1.07
26723,0.99991,-0.00142,-0.00894,0.00973,-1.02,-0.17,1.12
26756,0.99991,-0.00124,-0.00856,0.01024,-0.98,-0.15,1.17
26789,0.99991,-0.00097,-0.00823,0.01069,-0.94,-0.12,1.23
26823,0.99991,-0.00101,-0.00800,0.01104,-0.91,-0.13,1.27
26856,0.99990,-0.00105,-0.00781,0.01133,-0.89,-0.13,1.30
26890,0.99990,-0.00129,-0.00723,0.01232,-0.83,-0.16,1.41
26923,0.99989,-0.00098,-0.00697,0.01272,-0.80,-0.12,1.46
26956,0.99989,-0.00109,-0.00689,0.01288,-0.79,-0.14,1.48
26989,0.99989,-0.00115,-0.00685,0.01295,-0.78,-0.14,1.48
27022,0.99989,-0.00119,-0.00681,0.01303,-0.78,-0.15,1.49
27056,0.99989,-0.00141,-0.00660,0.01346,-0.75,-0.17,1.54
27089,0.99988,-0.00132,-0.00647,0.01370,-0.74,-0.16,1.57
27122,0.99988,-0.00145,-0.00650,0.01366,-0.74,-0.18,1.57
27155,0.99988,-0.00159,-0.00654,0.01361,-0.75,-0.19,1.56
27189,0.99988,-0.00140,-0.00648,0.01369,-0.74,-0.17,1.57
27222,0.99988,-0.00133,-0.00645,0.01374,-0.74,-0.16,1.58
27256,0.99988,-0.00133,-0.00631,0.01400,-0.72,-0.16,1.60
27289,0.99988,-0.00149,-0.00607,0.01451,-0.69,-0.18,1.66
27322,0.99987,-0.00168,-0.00591,0.01489,-0.67,-0.20,1.71
27355,0.99987,-0.00196,-0.00580,0.01520,-0.66,-0.24,1.74
27389,0.99987,-0.00205,-0.00589,0.01500,-0.67,-0.25,1.72
27422,0.99987,-0.00209,-0.00597,0.01484,-0.68,-0.25,1.70
27455,0.99987,-0.00189,-0.00602,0.01470,-0.69,-0.23,1.69
27488,0.99987,-0.00175,-0.00602,0.01466,-0.69,-0.21,1.68
27521,0.99987,-0.00193,-0.00606,0.01462,-0.69,-0.23,1.68
27555,0.99988,-0.00219,-0.00624,0.01433,-0.71,-0.26,1.64
27588,0.99988,-0.00207,-0.00632,0.01412,-0.72,-0.25,1.62
27622,0.99988,-0.00244,-0.00647,0.01392,-0.74,-0.29,1.60
27655,0.99988,-0.00255,-0.00645,0.01398,-0.74,-0.30,1.60
27688,0.99988,-0.00247,-0.00648,0.01391,-0.74,-0.29,1.60
27721,0.99988,-0.00269,-0.00662,0.01370,-0.75,-0.32,1.57
27755,0.99988,-0.00241,-0.00654,0.01378,-0.75,-0.29,1.58
27788,0.99988,-0.00212,-0.00650,0.01379,-0.74,-0.25,1.58
27821,0.99988,-0.00175,-0.00649,0.01374,-0.74,-0.21,1.58
27854,0.99988,-0.00192,-0.00648,0.01378,-0.74,-0.23,1.58
27888,0.99988,-0.00185,-0.00635,0.01402,-0.72,-0.22,1.61
27921,0.99988,-0.00186,-0.00626,0.01421,-0.71,-0.22,1.63
27954,0.99988,-0.00177,-0.00622,0.01427,-0.71,-0.21,1.64
27988,0.99988,-0.00163,-0.00625,0.01417,-0.71,-0.20,1.62
28021,0.99988,-0.00166,-0.00624,0.01419,-0.71,-0.20,1.63
28054,0.99988,-0.00161,-0.00623,0.01422,-0.71,-0.19,1.63
28087,0.99988,-0.00143,-0.00621,0.01422,-0.71,-0.17,1.63
28121,0.99988,-0.00120,-0.00604,0.01453,-0.69,-0.15,1.67
28154,0.99988,-0.00108,-0.00607,0.01445,-0.69,-0.13,1.66
28188,0.99988,-0.00110,-0.00616,0.01427,-0.70,-0.14,1.64
28221,0.99988,-0.00129,-0.00616,0.01430,-0.70,-0.16,1.64
28254,0.99988,-0.00124,-0.00613,0.01434,-0.70,-0.15,1.64
28287,0.99988,-0.00142,-0.00610,0.01444,-0.70,-0.17,1.66
28321,0.99988,-0.00161,-0.00613,0.01442,-0.70,-0.19,1.65
28354,0.99988,-0.00173,-0.00622,0.01426,-0.71,-0.21,1.64
28387,0.99988,-0.00176,-0.00618,0.01434,-0.71,-0.21,1.64
28420,0.99988,-0.00138,-0.00612,0.01439,-0.70,-0.17,1.65
28453,0.99988,-0.00145,-0.00610,0.01443,-0.70,-0.18,1.66
28487,0.99987,-0.00195,-0.00613,0.01448,-0.70,-0.23,1.66
28520,0.99987,-0.00233,-0.00611,0.01462,-0.70,-0.28,1.68
28554,0.99987,-0.00179,-0.00597,0.01479,-0.68,-0.22,1.70
28587,0.99987,-0.00169,-0.00601,0.01467,-0.69,-0.20,1.68
28620,0.99987,-0.00164,-0.00602,0.01465,-0.69,-0.20,1.68
28653,0.99988,-0.00179,-0.00613,0.01445,-0.70,-0.22,1.66
28687,0.99988,-0.00189,-0.00622,0.01429,-0.71,-0.23,1.64
28720,0.99988,-0.00160,-0.00617,0.01434,-0.70,-0.19,1.64
28754,0.99988,-0.00129,-0.00606,0.01450,-0.69,-0.16,1.66
28787,0.99988,-0.00121,-0.00607,0.01447,-0.69,-0.15,1.66
28820,0.99988,-0.00121,-0.00608,0.01444,-0.69,-0.15,1.66
28853,0.99987,-0.00133,-0.00603,0.01457,-0.69,-0.16,1.67
28886,0.99987,-0.00148,-0.00603,0.01459,-0.69,-0.18,1.67
28920,0.99987,-0.00132,-0.00596,0.01471,-0.68,-0.16,1.69
28953,0.99987,-0.00124,-0.00595,0.01472,-0.68,-0.15,1.69
28986,0.99987,-0.00149,-0.00597,0.01472,-0.68,-0.18,1.69
29019,0.99987,-0.00143,-0.00590,0.01486,-0.67,-0.17,1.70
29053,0.99987,-0.00128,-0.00592,0.01478,-0.68,-0.16,1.70
29086,0.99987,-0.00090,-0.00588,0.01481,-0.67,-0.11,1.70
29120,0.99987,-0.00124,-0.00590,0.01482,-0.67,-0.15,1.70
29153,0.99987,-0.00108,-0.00580,0.01501,-0.66,-0.13,1.72
29186,0.99987,-0.00084,-0.00567,0.01525,-0.65,-0.11,1.75
29219,0.99987,-0.00078,-0.00569,0.01521,-0.65,-0.10,1.74
29253,0.99987,-0.00057,-0.00572,0.01511,-0.65,-0.08,1.73
29286,0.99987,-0.00056,-0.00570,0.01514,-0.65,-0.07,1.74
29319,0.99987,-0.00011,-0.00575,0.01499,-0.66,-0.02,1.72
29352,0.99987,0.00025,-0.00577,0.01492,-0.66,0.02,1.71
29385,0.99987,0.00068,-0.00567,0.01510,-0.65,0.07,1.73
29419,0.99987,0.00102,-0.00570,0.01503,-0.66,0.11,1.72
29452,0.99987,0.00069,-0.00570,0.01505,-0.65,0.07,1.72
29486,0.99987,0.00059,-0.00563,0.01519,-0.65,0.06,1.74
29519,0.99987,0.00050,-0.00559,0.01530,-0.64,0.05,1.75
29552,0.99987,0.00051,-0.00555,0.01538,-0.64,0.05,1.76
29585,0.99987,0.00066,-0.00553,0.01542,-0.63,0.07,1.77
29619,0.99986,0.00095,-0.00547,0.01554,-0.63,0.10,1.78
29652,0.99986,0.00131,-0.00539,0.01573,-0.62,0.14,1.80
29685,0.99986,0.00162,-0.00535,0.01583,-0.62,0.18,1.81
29718,0.99986,0.00177,-0.00531,0.01594,-0.61,0.19,1.83
29752,0.99986,0.00159,-0.00526,0.01604,-0.61,0.17,1.84
29785,0.99985,0.00186,-0.00519,0.01623,-0.60,0.20,1.86
29819,0.99985,0.00190,-0.00510,0.01645,-0.59,0.21,1.88
29852,0.99985,0.00210,-0.00509,0.01650,-0.59,0.23,1.89
29885,0.99985,0.00185,-0.00514,0.01635,-0.59,0.20,1.87
29918,0.99985,0.00167,-0.00520,0.01618,-0.60,0.18,1.85
29952,0.99986,0.00127,-0.00524,0.01607,-0.60,0.14,1.84
29985,0.99986,0.00091,-0.00526,0.01604,-0.60,0.10,1.84
30018,0.99986,0.00046,-0.00528,0.01601,-0.61,0.04,1.83
30051,0.99986,0.00010,-0.00528,0.01603,-0.61,0.00,1.84
30084,0.99986,0.00052,-0.00531,0.01594,-0.61,0.05,1.83
30118,0.99986,0.00032,-0.00541,0.01572,-0.62,0.03,1.80
30151,0.99986,0.00061,-0.00535,0.01584,-0.61,0.06,1.82
30185,0.99986,0.00052,-0.00539,0.01574,-0.62,0.05,1.80
30218,0.99986,0.00025,-0.00547,0.01558,-0.63,0.02,1.79
30251,0.99986,0.00040,-0.00543,0.01566,-0.62,0.04,1.79
30284,0.99986,0.00055,-0.00540,0.01572,-0.62,0.05,1.80
30318,0.99986,0.00058,-0.00532,0.01590,-0.61,0.06,1.82
30351,0.99986,0.00043,-0.00533,0.01589,-0.61,0.04,1.82
30384,0.99986,0.00004,-0.00532,0.01595,-0.61,-0.01,1.83
30417,0.99986,-0.00034,-0.00526,0.01613,-0.60,-0.05,1.85
30451,0.99985,-0.00081,-0.00522,0.01630,-0.60,-0.10,1.87
30484,0.99985,-0.00083,-0.00513,0.01650,-0.59,-0.10,1.89
30518,0.99985,-0.00047,-0.00507,0.01661,-0.58,-0.06,1.90
30551,0.99985,0.00000,-0.00507,0.01655,-0.58,-0.01,1.90
30584,0.99985,-0.00016,-0.00517,0.01633,-0.59,-0.03,1.87
30617,0.99985,-0.00026,-0.00520,0.01627,-0.59,-0.04,1.86
30651,0.99986,-0.00036,-0.00525,0.01615,-0.60,-0.05,1.85
30684,0.99986,-0.00036,-0.00527,0.01611,-0.60,-0.05,1.85
30717,0.99985,-0.00041,-0.00523,0.01621,-0.60,-0.06,1.86
30750,0.99986,-0.00066,-0.00531,0.01605,-0.61,-0.09,1.84
30784,0.99986,-0.00099,-0.00544,0.01579,-0.62,-0.12,1.81
30817,0.99986,-0.00126,-0.00547,0.01577,-0.62,-0.15,1.81
30851,0.99986,-0.00172,-0.00551,0.01579,-0.63,-0.21,1.81
30884,0.99986,-0.00227,-0.00563,0.01564,-0.64,-0.27,1.79
30917,0.99986,-0.00210,-0.00564,0.01558,-0.64,-0.25,1.79
30950,0.99986,-0.00206,-0.00569,0.01546,-0.65,-0.25,1.77
30983,0.99986,-0.00240,-0.00575,0.01542,-0.65,-0.29,1.77
31017,0.99986,-0.00216,-0.00570,0.01546,-0.65,-0.26,1.77
31050,0.99986,-0.00226,-0.00569,0.01551,-0.65,-0.27,1.78
31083,0.99986,-0.00234,-0.00562,0.01570,-0.64,-0.28,1.80
31117,0.99986,-0.00245,-0.00561,0.01575,-0.64,-0.29,1.81
31150,0.99986,-0.00308,-0.00575,0.01563,-0.65,-0.36,1.79
31183,0.99986,-0.00326,-0.00584,0.01549,-0.66,-0.38,1.78
31217,0.99986,-0.00358,-0.00602,0.01521,-0.68,-0.42,1.75
31250,0.99986,-0.00412,-0.00617,0.01508,-0.70,-0.48,1.73
31283,0.99986,-0.00405,-0.00626,0.01486,-0.71,-0.47,1.71
31316,0.99986,-0.00426,-0.00637,0.01473,-0.72,-0.50,1.69
31350,0.99986,-0.00444,-0.00644,0.01465,-0.73,-0.52,1.68
31383,0.99987,-0.00456,-0.00665,0.01427,-0.75,-0.53,1.64
31417,0.99987,-0.00451,-0.00664,0.01427,-0.75,-0.53,1.64
31450,0.99986,-0.00458,-0.00662,0.01433,-0.75,-0.54,1.65
31483,0.99986,-0.00448,-0.00657,0.01440,-0.75,-0.52,1.65
31516,0.99987,-0.00421,-0.00653,0.01438,-0.74,-0.49,1.65
31549,0.99987,-0.00451,-0.00662,0.01431,-0.75,-0.53,1.64
31583,0.99987,-0.00462,-0.00665,0.01430,-0.75,-0.54,1.64
31616,0.99987,-0.00463,-0.00667,0.01426,-0.76,-0.54,1.64
31649,0.99986,-0.00455,-0.00660,0.01437,-0.75,-0.53,1.65
31682,0.99986,-0.00442,-0.00647,0.01457,-0.73,-0.52,1.67
31716,0.99986,-0.00450,-0.00640,0.01476,-0.73,-0.53,1.69
31749,0.99986,-0.00463,-0.00635,0.01491,-0.72,-0.54,1.71
31783,0.99986,-0.00467,-0.00639,0.01484,-0.72,-0.55,1.70
31816,0.99986,-0.00489,-0.00651,0.01471,-0.74,-0.57,1.69
31849,0.99986,-0.00472,-0.00645,0.01474,-0.73,-0.55,1.69
31882,0.99986,-0.00449,-0.00641,0.01474,-0.73,-0.53,1.69
31916,0.99986,-0.00437,-0.00637,0.01475,-0.72,-0.51,1.69
31949,0.99986,-0.00426,-0.00632,0.01482,-0.72,-0.50,1.70
31982,0.99986,-0.00419,-0.00640,0.01462,-0.73,-0.49,1.68
32015,0.99986,-0.00428,-0.00647,0.01453,-0.73,-0.50,1.67
32049,0.99986,-0.00436,-0.00641,0.01467,-0.73,-0.51,1.68
32082,0.99986,-0.00477,-0.00651,0.01464,-0.74,-0.56,1.68
32115,0.99985,-0.00599,-0.00694,0.01437,-0.78,-0.70,1.65
32149,0.99985,-0.00617,-0.00696,0.01442,-0.79,-0.72,1.66
32182,0.99985,-0.00586,-0.00678,0.01461,-0.77,-0.68,1.68
32215,0.99986,-0.00514,-0.00651,0.01480,-0.74,-0.60,1.70
32248,0.99986,-0.00490,-0.00640,0.01493,-0.72,-0.57,1.72
32282,0.99985,-0.00513,-0.00641,0.01502,-0.73,-0.60,1.72
32315,0.99985,-0.00451,-0.00618,0.01523,-0.70,-0.53,1.75
32348,0.99985,-0.00470,-0.00612,0.01545,-0.69,-0.55,1.77
32381,0.99985,-0.00475,-0.00609,0.01554,-0.69,-0.56,1.78
32415,0.99985,-0.00430,-0.00599,0.01556,-0.68,-0.50,1.79
32448,0.99985,-0.00424,-0.00598,0.01555,-0.68,-0.50,1.78
32482,0.99986,-0.00358,-0.00589,0.01549,-0.67,-0.42,1.78
32515,0.99986,-0.00391,-0.00596,0.01546,-0.68,-0.46,1.77
32548,0.99985,-0.00391,-0.00588,0.01564,-0.67,-0.46,1.80
32581,0.99985,-0.00361,-0.00585,0.01558,-0.66,-0.42,1.79
32615,0.99985,-0.00439,-0.00607,0.01542,-0.69,-0.51,1.77
32648,0.99985,-0.00516,-0.00622,0.01545,-0.70,-0.60,1.77
32681,0.99984,-0.00630,-0.00652,0.01540,-0.74,-0.73,1.77
32714,0.99982,-0.00798,-0.00699,0.01549,-0.79,-0.93,1.78
32747,0.99980,-0.00991,-0.00760,0.01575,-0.85,-1.15,1.81
32781,0.99977,-0.01169,-0.00825,0.01608,-0.92,-1.36,1.85
32814,0.99972,-0.01408,-0.00938,0.01650,-1.05,-1.63,1.91
32848,0.99963,-0.01771,-0.01184,0.01687,-1.32,-2.05,1.96
32881,0.99955,-0.02449,0.00018,0.01705,0.07,-2.81,1.95
32914,0.99934,-0.03082,-0.00519,0.01827,-0.53,-3.54,2.11
32947,0.99915,-0.03518,-0.01067,0.01883,-1.15,-4.06,2.20
32981,0.99897,-0.04132,-0.00185,0.01871,-0.12,-4.74,2.15
33014,0.99857,-0.04825,-0.01432,0.01814,-1.54,-5.56,2.16
33047,0.99832,-0.05445,-0.00723,0.01837,-0.71,-6.26,2.15
33080,0.99785,-0.05922,-0.02077,0.01894,-2.25,-6.84,2.31
33114,0.99769,-0.06421,-0.01097,0.01942,-1.11,-7.39,2.30
33147,0.99721,-0.07116,-0.01034,0.02002,-1.02,-8.18,2.37
33181,0.99669,-0.07800,-0.01186,0.01959,-1.18,-8.97,2.34
33214,0.99587,-0.08593,-0.02166,0.01993,-2.28,-9.91,2.49
33247,0.99522,-0.09186,-0.02613,0.02030,-2.77,-10.61,2.59
33280,0.99291,-0.11344,-0.03708,0.02063,-3.95,-13.13,2.84
33314,0.99046,-0.13343,-0.03756,0.02118,-3.94,-15.45,2.98
33347,0.98845,-0.14729,-0.03788,0.02305,-3.90,-17.06,3.26
33380,0.98794,-0.15087,-0.03797,0.02413,-3.88,-17.48,3.39
33413,0.98694,-0.15663,-0.03809,0.02472,-3.87,-18.15,3.49
33447,0.98595,-0.16301,-0.03824,0.02550,-3.85,-18.90,3.60
33480,0.98545,-0.16693,-0.03833,0.02591,-3.84,-19.35,3.67
33513,0.98370,-0.17741,0.01133,0.02703,1.83,-20.40,2.82
33547,0.98023,-0.19543,0.01087,0.02899,1.87,-22.50,3.02
33580,0.97818,-0.20523,0.00941,0.03080,1.78,-23.65,3.23
33613,0.97726,-0.20935,0.01151,0.03177,2.05,-24.12,3.29
33646,0.97579,-0.21607,0.01138,0.03188,2.06,-24.91,3.29
33680,0.97404,-0.22404,0.00314,0.03217,1.18,-25.87,3.51
33713,0.97164,-0.23413,0.00451,0.03297,1.39,-27.05,3.55
33746,0.96974,-0.24177,0.00630,0.03334,1.62,-27.95,3.53
33780,0.96767,-0.24998,0.00269,0.03345,1.26,-28.93,3.64
33813,0.96378,-0.26454,0.00306,0.03361,1.36,-30.65,3.62
33846,0.96071,-0.27545,-0.00103,0.03416,0.96,-31.96,3.80
33879,0.95876,-0.28208,-0.00055,0.03475,1.06,-32.75,3.84
33913,0.95761,-0.28587,-0.00543,0.03507,0.55,-33.22,4.03
33946,0.95611,-0.29076,-0.00612,0.03573,0.52,-33.81,4.12
33979,0.95405,-0.29730,-0.00895,0.03643,0.26,-34.61,4.29
34012,0.95169,-0.30475,-0.00602,0.03715,0.64,-35.49,4.27
34046,0.94813,-0.31544,-0.00964,0.03824,0.33,-36.79,4.51
34079,0.94347,-0.32871,-0.01694,0.03909,-0.36,-38.43,4.87
34113,0.93921,-0.34082,-0.01299,0.03961,0.15,-39.88,4.78
34146,0.93670,-0.34744,-0.01378,0.04100,0.15,-40.70,4.96
34179,0.93536,-0.35104,-0.00916,0.04222,0.72,-41.11,4.90
34212,0.93366,-0.35526,-0.01603,0.04266,0.02,-41.66,5.22
34245,0.93105,-0.36175,-0.02061,0.04311,-0.41,-42.49,5.46
34279,0.92666,-0.37279,-0.02005,0.04382,-0.26,-43.84,5.52
34312,0.92259,-0.38309,-0.01054,0.04422,0.83,-45.06,5.15
34346,0.91946,-0.39029,-0.01608,0.04477,0.31,-45.99,5.44
34379,0.91617,-0.39735,-0.02640,0.04519,-0.71,-46.93,5.96
34412,0.91293,-0.40492,-0.01998,0.04680,0.08,-47.83,5.83
34445,0.90821,-0.41363,-0.04267,0.04851,-2.14,-49.11,7.09
34479,0.90459,-0.42202,-0.03322,0.05012,-1.02,-50.08,6.82
34512,0.90375,-0.42301,-0.04278,0.05097,-1.96,-50.29,7.38
34545,0.90211,-0.42716,-0.03383,0.05082,-1.01,-50.74,6.93
34579,0.89741,-0.43669,-0.04295,0.05075,-1.88,-52.02,7.39
34612,0.88808,-0.45510,-0.04315,0.05298,-1.63,-54.37,7.66
34645,0.88074,-0.46905,-0.04330,0.05364,-1.49,-56.18,7.76
34678,0.87634,-0.47738,-0.04338,0.05402,-1.40,-57.25,7.82
34712,0.87391,-0.48200,-0.04343,0.05343,-1.40,-57.85,7.77
34745,0.86907,-0.49076,-0.04351,0.05217,-1.40,-59.00,7.66
34778,0.85885,-0.50958,0.00008,0.05190,3.04,-61.23,5.12
34812,0.84405,-0.53353,-0.00315,0.05400,3.00,-64.45,5.43
34845,0.83111,-0.55269,-0.02194,0.05751,1.55,-67.15,6.89
34878,0.81934,-0.56983,-0.02268,0.05882,1.71,-69.53,7.02
34911,0.80513,-0.58892,-0.03902,0.05839,0.34,-72.34,8.05
34945,0.78913,-0.61131,0.00764,0.05940,4.86,-75.32,4.86
34978,0.75891,-0.64855,-0.00634,0.05840,3.79,-80.85,5.57
35011,0.71579,-0.69611,0.00088,0.05548,4.50,-88.23,4.50
35044,0.67304,-0.73727,0.02103,0.05482,6.27,-95.08,2.47
35078,0.62277,-0.78005,0.03283,0.05098,6.92,-102.75,0.71
35111,0.58170,-0.80999,0.05728,0.04746,8.25,-108.79,-2.18
35144,0.54644,-0.83253,0.07990,0.04368,9.21,-113.84,-4.96
35178,0.51008,-0.85505,0.08445,0.03972,8.86,-118.83,-6.04
35211,0.47731,-0.87252,0.09685,0.03892,9.23,-123.26,-7.68
35244,0.44599,-0.88946,0.09299,0.03621,8.47,-127.31,-7.74
35277,0.41550,-0.90369,0.09824,0.03252,8.07,-131.23,-8.75
35311,0.38985,-0.91386,0.10779,0.03543,8.56,-134.53,-9.86
35344,0.36253,-0.92205,0.12893,0.04213,9.86,-138.12,-12.14
35378,0.33874,-0.93192,0.12539,0.03266,8.38,-140.96,-12.35
35411,0.31555,-0.93923,0.12790,0.04371,9.37,-143.88,-12.45
35444,0.29741,-0.94136,0.14732,0.06074,11.65,-146.40,-14.26
35477,0.27528,-0.94557,0.15598,0.07605,13.28,-149.30,-15.07
35510,0.25415,-0.94952,0.16323,0.08474,14.12,-152.02,-15.97
35544,0.24258,-0.95219,0.16060,0.09324,14.80,-153.46,-15.64
35577,0.23646,-0.95170,0.16728,0.10183,15.84,-154.38,-16.31
35611,0.22629,-0.95173,0.17618,0.10937,16.73,-155.82,-17.37
35644,0.21524,-0.95213,0.18513,0.11334,17.19,-157.35,-18.54
35677,0.21157,-0.95345,0.18513,0.10903,16.63,-157.73,-18.68
35710,0.21485,-0.95285,0.18741,0.10390,16.17,-157.31,-18.99
35743,0.22808,-0.94857,0.19427,0.10222,16.41,-155.82,-19.61
35777,0.25006,-0.94068,0.21270,0.08572,15.52,-153.23,-21.77
35810,0.30142,-0.92607,0.22408,0.03648,11.69,-146.40,-23.66
35844,0.44715,-0.87113,0.18286,-0.08803,0.58,-125.78,-23.41
35877,0.43727,-0.87633,0.18512,-0.08109,1.13,-127.20,-23.29
35910,0.40590,-0.89055,0.18783,-0.08295,0.27,-131.05,-23.70
35943,0.32702,-0.92451,0.19536,-0.01336,5.92,-142.18,-21.84
35976,0.28644,-0.93583,0.20521,0.00815,7.63,-147.48,-22.51
36010,0.28402,-0.93710,0.20157,-0.02328,4.06,-147.11,-23.08
36043,0.28951,-0.93645,0.18871,-0.06029,-0.21,-145.60,-22.85
36077,0.29241,-0.93951,0.17299,-0.04344,1.12,-145.63,-20.52
36110,0.29411,-0.93675,0.18376,-0.04729,1.12,-145.35,-21.85
36143,0.31162,-0.92531,0.21106,-0.04636,2.62,-143.35,-24.83
36176,0.28767,-0.93230,0.21799,0.02322,9.71,-147.73,-23.50
36209,0.25397,-0.94291,0.20253,0.07352,13.98,-152.43,-20.80
36243,0.21842,-0.95407,0.18793,0.08202,13.80,-156.58,-19.41
36276,0.17229,-0.96165,0.19804,0.07950,12.78,-162.09,-21.25
36310,0.13284,-0.96453,0.21461,0.07727,11.89,-166.82,-23.71
36343,0.11587,-0.96449,0.22208,0.08371,12.29,-169.01,-24.75
36376,0.10449,-0.96356,0.22725,0.09479,13.31,-170.64,-25.45
36409,0.10080,-0.96339,0.22476,0.10587,14.44,-171.29,-25.16
36442,0.10032,-0.96350,0.22143,0.11208,15.09,-171.44,-24.75
36476,0.09332,-0.96610,0.21579,0.10665,14.26,-172.04,-24.18
36509,0.09324,-0.96738,0.21059,0.10550,14.09,-171.94,-23.56
36543,0.09240,-0.96820,0.20864,0.10252,13.71,-171.94,-23.35
36576,0.08986,-0.96885,0.21273,0.08941,12.21,-172.00,-23.91
36609,0.07269,-0.97008,0.21852,0.07692,10.43,-173.73,-24.82
36642,-0.02760,-0.96977,0.22648,0.08658,8.94,174.61,-26.71
36675,-0.28516,-0.92483,0.21449,0.13175,6.97,143.96,-28.38
36709,-0.64662,-0.70650,0.19430,0.21209,2.77,94.24,-33.33
36742,-0.70911,-0.64222,0.18225,0.22693,1.89,83.76,-33.80
36776,-0.70997,-0.63500,0.19307,0.23547,1.43,83.16,-35.43
36809,-0.69232,-0.65092,0.20637,0.23324,1.03,86.13,-36.28
36842,-0.65948,-0.68591,0.19652,0.23663,3.75,91.04,-35.66
36875,-0.63280,-0.71609,0.18406,0.22998,5.53,95.38,-33.87
36908,-0.62352,-0.73488,0.15710,0.21564,6.95,97.49,-30.23
36942,-0.63765,-0.73178,0.14124,0.19480,6.03,96.40,-27.24
36975,-0.63767,-0.73694,0.13924,0.17581,4.68,97.20,-25.52
37009,-0.62382,-0.75163,0.14378,0.15884,3.40,99.88,-24.52
37042,-0.58506,-0.78272,0.15236,0.14776,3.04,105.79,-24.33
37075,-0.53837,-0.81791,0.14984,0.13687,3.59,112.56,-23.16
37108,-0.50418,-0.84341,0.14519,0.11570,2.79,117.74,-21.22
37141,-0.46469,-0.86975,0.13736,0.09342,2.00,123.44,-19.02
37175,-0.40311,-0.90095,0.14220,0.07466,1.14,131.60,-18.45
37208,-0.35235,-0.92442,0.13595,0.05311,0.14,138.25,-16.79
37242,-0.30751,-0.94361,0.11909,0.02932,-1.03,144.03,-14.05
37275,-0.28159,-0.95052,0.12905,0.02390,-1.56,147.20,-15.00
37308,-0.27135,-0.95347,0.12904,0.02482,-1.30,148.40,-15.05
37341,-0.26985,-0.95357,0.13112,0.02620,-1.19,148.56,-15.32
37374,-0.24756,-0.95979,0.13028,0.02350,-1.11,151.22,-15.18
37408,-0.23520,-0.96309,0.12908,0.02163,-1.09,152.70,-15.00
37441,-0.23313,-0.96317,0.13230,0.02126,-1.19,152.95,-15.36
37475,-0.23194,-0.96320,0.13431,0.02044,-1.31,153.10,-15.56
37508,-0.22724,-0.96376,0.13840,0.01933,-1.47,153.67,-16.00
37541,-0.22074,-0.96521,0.13887,0.01883,-1.43,154.44,-16.05
37574,-0.21698,-0.96617,0.13804,0.01917,-1.31,154.87,-15.97
37607,-0.21663,-0.96578,0.14136,0.01911,-1.39,154.92,-16.34
37641,-0.21338,-0.96628,0.14292,0.01845,-1.45,155.31,-16.51
37674,-0.20843,-0.96725,0.14383,0.01746,-1.50,155.90,-16.60
37708,-0.20595,-0.96772,0.14427,0.01681,-1.54,156.20,-16.63
37741,-0.20389,-0.96777,0.14692,0.01614,-1.64,156.45,-16.92
37774,-0.20375,-0.96777,0.14717,0.01584,-1.68,156.47,-16.94
37807,-0.20171,-0.96783,0.14957,0.01571,-1.72,156.71,-17.22
37840,-0.20132,-0.96784,0.15009,0.01548,-1.75,156.76,-17.27
37874,-0.20133,-0.96784,0.15000,0.01575,-1.71,156.76,-17.27
37907,-0.20133,-0.96784,0.15001,0.01572,-1.72,156.76,-17.27
37941,-0.20082,-0.96786,0.15055,0.01583,-1.71,156.82,-17.33
37974,-0.19722,-0.96838,0.15202,0.01555,-1.71,157.24,-17.50
38007,-0.19685,-0.96839,0.15237,0.01577,-1.69,157.28,-17.54
38040,-0.19419,-0.96847,0.15523,0.01588,-1.69,157.59,-17.88
38074,-0.19343,-0.96850,0.15598,0.01608,-1.67,157.67,-17.97
38107,-0.19192,-0.96855,0.15752,0.01628,-1.66,157.85,-18.15
38140,-0.19039,-0.96858,0.15921,0.01589,-1.71,158.04,-18.34
38174,-0.18951,-0.96861,0.16005,0.01610,-1.69,158.13,-18.44
38207,-0.18820,-0.96906,0.15890,0.01591,-1.66,158.29,-18.31
38240,-0.18808,-0.96907,0.15895,0.01615,-1.63,158.30,-18.32
38273,-0.18746,-0.96910,0.15951,0.01645,-1.60,158.36,-18.39
38307,-0.18749,-0.96867,0.16207,0.01616,-1.69,158.37,-18.67
38340,-0.18799,-0.96865,0.16159,0.01608,-1.70,158.31,-18.62
38373,-0.19087,-0.96775,0.16353,0.01668,-1.73,157.97,-18.85
38406,-0.19203,-0.96773,0.16226,0.01704,-1.68,157.83,-18.71
38440,-0.19260,-0.96732,0.16395,0.01783,-1.64,157.75,-18.92
38473,-0.19180,-0.96776,0.16229,0.01781,-1.59,157.84,-18.73
38506,-0.19219,-0.96775,0.16188,0.01789,-1.58,157.80,-18.68
38540,-0.19236,-0.96733,0.16414,0.01805,-1.62,157.78,-18.94
38573,-0.19287,-0.96732,0.16355,0.01831,-1.58,157.71,-18.88
38606,-0.19344,-0.96690,0.16532,0.01877,-1.58,157.64,-19.09
38639,-0.19446,-0.96688,0.16423,0.01896,-1.56,157.52,-18.97
38673,-0.19594,-0.96600,0.16757,0.01913,-1.64,157.35,-19.35
38706,-0.19722,-0.96598,0.16619,0.01943,-1.60,157.19,-19.20
38740,-0.19659,-0.96600,0.16676,0.01969,-1.58,157.26,-19.27
38773,-0.19678,-0.96558,0.16889,0.02007,-1.59,157.24,-19.52
38806,-0.19843,-0.96554,0.16715,0.02030,-1.55,157.04,-19.33
38839,-0.19796,-0.96513,0.17006,0.02021,-1.62,157.10,-19.66
38872,-0.19771,-0.96514,0.17033,0.02015,-1.63,157.13,-19.69
38906,-0.19741,-0.96557,0.16821,0.02021,-1.57,157.16,-19.45
38939,-0.19678,-0.96559,0.16886,0.02016,-1.58,157.23,-19.52
38972,-0.19720,-0.96516,0.17080,0.02026,-1.62,157.19,-19.74
39006,-0.19824,-0.96514,0.16961,0.02081,-1.55,157.05,-19.62
39039,-0.19842,-0.96473,0.17169,0.02125,-1.55,157.03,-19.87
39072,-0.19868,-0.96472,0.17140,0.02136,-1.54,157.00,-19.84
39106,-0.19894,-0.96472,0.17112,0.02145,-1.53,156.96,-19.80
39139,-0.20051,-0.96426,0.17186,0.02160,-1.56,156.78,-19.89
39172,-0.20064,-0.96426,0.17168,0.02178,-1.54,156.76,-19.87
39205,-0.19945,-0.96471,0.17060,0.02146,-1.53,156.90,-19.75
39238,-0.19944,-0.96470,0.17065,0.02131,-1.54,156.91,-19.75
39272,-0.19906,-0.96471,0.17106,0.02123,-1.55,156.95,-19.79
39305,-0.19790,-0.96473,0.17231,0.02090,-1.60,157.10,-19.93
39339,-0.19931,-0.96470,0.17081,0.02119,-1.56,156.93,-19.76
39372,-0.19943,-0.96469,0.17074,0.02104,-1.58,156.91,-19.75
39405,-0.19986,-0.96427,0.17258,0.02135,-1.59,156.86,-19.97
39438,-0.19949,-0.96428,0.17294,0.02142,-1.59,156.90,-20.01
39472,-0.20038,-0.96426,0.17203,0.02149,-1.58,156.80,-19.91
39505,-0.20130,-0.96381,0.17347,0.02142,-1.64,156.70,-20.07
39538,-0.20012,-0.96426,0.17234,0.02131,-1.60,156.83,-19.94
39572,-0.19974,-0.96427,0.17270,0.02138,-1.59,156.87,-19.98
39605,-0.19961,-0.96427,0.17284,0.02132,-1.60,156.89,-20.00
39638,-0.19949,-0.96428,0.17291,0.02151,-1.58,156.90,-20.01
39671,-0.19962,-0.96428,0.17274,0.02166,-1.56,156.88,-19.99
39705,-0.20057,-0.96385,0.17402,0.02211,-1.56,156.77,-20.15
39738,-0.20041,-0.96428,0.17178,0.02228,-1.48,156.78,-19.90
39771,-0.20066,-0.96427,0.17150,0.02236,-1.47,156.75,-19.87
39805,-0.20211,-0.96382,0.17230,0.02267,-1.49,156.58,-19.96
39838,-0.20173,-0.96383,0.17273,0.02256,-1.50,156.62,-20.01
39871,-0.20135,-0.96384,0.17311,0.02257,-1.50,156.67,-20.05
39904,-0.20083,-0.96384,0.17373,0.02222,-1.54,156.73,-20.12
39938,-0.20083,-0.96384,0.17372,0.02225,-1.54,156.73,-20.12
39971,-0.20184,-0.96381,0.17271,0.02219,-1.54,156.62,-20.00
40004,-0.20215,-0.96339,0.17467,0.02248,-1.56,156.58,-20.23
40037,-0.20172,-0.96383,0.17274,0.02250,-1.51,156.62,-20.01
40071,-0.20189,-0.96340,0.17493,0.02245,-1.57,156.61,-20.26
40104,-0.20240,-0.96339,0.17439,0.02256,-1.55,156.55,-20.20
40137,-0.20291,-0.96337,0.17385,0.02264,-1.54,156.49,-20.14
40171,-0.20305,-0.96338,0.17364,0.02291,-1.51,156.46,-20.12
40204,-0.20255,-0.96340,0.17410,0.02308,-1.49,156.52,-20.18
40237,-0.20294,-0.96339,0.17360,0.02343,-1.45,156.47,-20.13
40270,-0.20427,-0.96295,0.17447,0.02387,-1.45,156.31,-20.23
40304,-0.20339,-0.96297,0.17533,0.02398,-1.44,156.41,-20.34
40337,-0.20327,-0.96298,0.17539,0.02420,-1.41,156.42,-20.35
40371,-0.20391,-0.96297,0.17465,0.02449,-1.38,156.33,-20.27
40404,-0.20355,-0.96299,0.17495,0.02474,-1.35,156.37,-20.31
40437,-0.20394,-0.96299,0.17443,0.02516,-1.30,156.32,-20.26
40470,-0.20280,-0.96302,0.17564,0.02501,-1.32,156.45,-20.40
40503,-0.20336,-0.96258,0.17733,0.02519,-1.35,156.39,-20.59
40537,-0.20323,-0.96259,0.17746,0.02520,-1.35,156.40,-20.61
40570,-0.20349,-0.96258,0.17713,0.02543,-1.33,156.37,-20.58
40604,-0.20336,-0.96259,0.17729,0.02531,-1.34,156.39,-20.59
40637,-0.20299,-0.96260,0.17761,0.02551,-1.32,156.42,-20.63
40670,-0.20432,-0.96216,0.17838,0.02616,-1.29,156.26,-20.74
40703,-0.20488,-0.96172,0.18009,0.02622,-1.34,156.19,-20.93
40736,-0.20489,-0.96172,0.18003,0.02640,-1.32,156.19,-20.93
40770,-0.20476,-0.96173,0.18018,0.02635,-1.32,156.21,-20.94
40803,-0.20331,-0.96218,0.17942,0.02607,-1.31,156.38,-20.85
40837,-0.20362,-0.96176,0.18131,0.02632,-1.33,156.34,-21.07
40870,-0.20528,-0.96172,0.17952,0.02682,-1.27,156.14,-20.88
40903,-0.20585,-0.96129,0.18109,0.02725,-1.27,156.06,-21.07
40936,-0.20573,-0.96130,0.18116,0.02743,-1.25,156.07,-21.08
40970,-0.20600,-0.96130,0.18083,0.02767,-1.22,156.04,-21.05
41003,-0.20613,-0.96130,0.18064,0.02785,-1.20,156.02,-21.03
41036,-0.20639,-0.96130,0.18033,0.02803,-1.18,155.98,-21.00
41070,-0.20683,-0.96087,0.18206,0.02834,-1.20,155.93,-21.20
41103,-0.20644,-0.96088,0.18247,0.02822,-1.21,155.98,-21.25
41136,-0.20695,-0.96087,0.18195,0.02827,-1.20,155.92,-21.19
41169,-0.20695,-0.96086,0.18197,0.02821,-1.21,155.92,-21.19
41202,-0.20683,-0.96087,0.18208,0.02827,-1.20,155.93,-21.20
41236,-0.20720,-0.96085,0.18177,0.02808,-1.22,155.89,-21.16
41269,-0.20790,-0.96042,0.18317,0.02857,-1.22,155.80,-21.33
41303,-0.20840,-0.96041,0.18265,0.02861,-1.21,155.74,-21.27
41336,-0.20827,-0.96041,0.18283,0.02843,-1.23,155.76,-21.29
41369,-0.20852,-0.96040,0.18258,0.02843,-1.23,155.73,-21.26
41402,-0.20814,-0.96041,0.18300,0.02832,-1.25,155.78,-21.31
41435,-0.20789,-0.96042,0.18323,0.02838,-1.24,155.81,-21.34
41469,-0.20815,-0.96041,0.18294,0.02850,-1.23,155.77,-21.31
41502,-0.20752,-0.96044,0.18350,0.02870,-1.21,155.84,-21.38
41536,-0.20804,-0.96043,0.18288,0.02905,-1.16,155.77,-21.31
41569,-0.20791,-0.96043,0.18303,0.02899,-1.17,155.79,-21.33
41602,-0.20766,-0.96044,0.18332,0.02888,-1.18,155.82,-21.36
41635,-0.20816,-0.96043,0.18280,0.02892,-1.18,155.76,-21.30
41668,-0.20721,-0.96087,0.18162,0.02851,-1.17,155.88,-21.16
41702,-0.20632,-0.96088,0.18258,0.02829,-1.20,155.99,-21.26
41735,-0.20555,-0.96089,0.18346,0.02788,-1.25,156.09,-21.35
41769,-0.20567,-0.96089,0.18337,0.02776,-1.27,156.08,-21.34
41802,-0.20554,-0.96089,0.18350,0.02776,-1.27,156.09,-21.35
41835,-0.20536,-0.96132,0.18149,0.02757,-1.23,156.11,-21.12
41868,-0.20537,-0.96132,0.18143,0.02775,-1.21,156.11,-21.12
41901,-0.20605,-0.96088,0.18296,0.02787,-1.25,156.03,-21.30
41935,-0.20656,-0.96087,0.18247,0.02785,-1.25,155.97,-21.24
41968,-0.20642,-0.96086,0.18267,0.02761,-1.28,155.99,-21.26
42002,-0.20602,-0.96086,0.18320,0.02714,-1.34,156.05,-21.31
42035,-0.20564,-0.96087,0.18363,0.02697,-1.36,156.10,-21.35
42068,-0.20444,-0.96132,0.18267,0.02662,-1.35,156.24,-21.23
42101,-0.20470,-0.96131,0.18237,0.02679,-1.33,156.21,-21.20
42134,-0.20444,-0.96132,0.18263,0.02674,-1.33,156.24,-21.23
42168,-0.20338,-0.96177,0.18144,0.02669,-1.29,156.36,-21.10
42201,-0.20337,-0.96177,0.18150,0.02651,-1.31,156.36,-21.10
42235,-0.20274,-0.96178,0.18213,0.02646,-1.31,156.44,-21.17
42268,-0.20313,-0.96178,0.18168,0.02670,-1.29,156.39,-21.13
42301,-0.20326,-0.96178,0.18154,0.02675,-1.28,156.37,-21.11
42334,-0.20409,-0.96134,0.18280,0.02736,-1.26,156.27,-21.27
42367,-0.20668,-0.96086,0.18236,0.02779,-1.26,155.96,-21.22
42401,-0.21122,-0.95990,0.18218,0.02818,-1.31,155.43,-21.21
42434,-0.22229,-0.95758,0.18042,0.03290,-0.99,154.05,-21.11
42468,-0.23005,-0.95554,0.17862,0.04601,0.33,152.86,-21.26
42501,-0.20625,-0.96217,0.16542,0.06580,3.35,155.20,-20.25
42534,-0.18972,-0.96556,0.16577,0.06505,3.60,157.13,-20.21
42567,-0.18720,-0.96606,0.16520,0.06620,3.79,157.39,-20.17
42601,-0.18625,-0.96611,0.16548,0.06745,3.94,157.47,-20.22
42634,-0.18340,-0.96703,0.16316,0.06774,4.08,157.80,-19.95
42667,-0.18177,-0.96751,0.16168,0.06881,4.26,157.97,-19.80
42701,-0.18202,-0.96712,0.16304,0.07047,4.41,157.90,-20.00
42734,-0.18193,-0.96714,0.16265,0.07132,4.52,157.90,-19.98
42767,-0.18102,-0.96759,0.16089,0.07157,4.60,158.00,-19.78
42800,-0.18051,-0.96760,0.16141,0.07153,4.60,158.06,-19.83
42834,-0.18029,-0.96762,0.16128,0.07214,4.67,158.07,-19.83
42867,-0.18044,-0.96762,0.16086,0.07263,4.73,158.05,-19.80
42900,-0.18046,-0.96763,0.16056,0.07312,4.79,158.04,-19.77
42933,-0.18016,-0.96848,0.15545,0.07364,4.97,158.08,-19.20
42967,-0.18000,-0.96890,0.15309,0.07350,5.01,158.12,-18.93
43000,-0.17973,-0.96890,0.15349,0.07327,4.98,158.15,-18.97
43034,-0.17793,-0.96936,0.15265,0.07330,5.04,158.36,-18.86
43067,-0.17743,-0.96938,0.15298,0.07356,5.07,158.41,-18.90
43100,-0.17695,-0.96940,0.15316,0.07406,5.13,158.45,-18.93
43133,-0.17697,-0.96941,0.15300,0.07431,5.16,158.45,-18.92
43166,-0.17564,-0.96985,0.15195,0.07384,5.15,158.62,-18.78
43200,-0.17447,-0.97029,0.15052,0.07373,5.20,158.76,-18.61
43233,-0.17410,-0.97031,0.15081,0.07386,5.21,158.80,-18.64
43266,-0.17434,-0.97030,0.15064,0.07374,5.20,158.78,-18.62
43299,-0.17370,-0.97031,0.15133,0.07363,5.18,158.85,-18.70
43333,-0.17371,-0.97031,0.15125,0.07375,5.20,158.84,-18.69
43366,-0.17371,-0.97031,0.15125,0.07375,5.20,158.84,-18.69
43400,-0.17334,-0.97033,0.15154,0.07389,5.21,158.88,-18.72
43433,-0.17309,-0.97033,0.15170,0.07401,5.23,158.91,-18.75
43466,-0.17271,-0.97034,0.15206,0.07403,5.23,158.95,-18.78
43499,-0.17247,-0.97035,0.15222,0.07415,5.24,158.97,-18.80
43533,-0.17248,-0.97036,0.15206,0.07440,5.27,158.97,-18.79
43566,-0.17248,-0.97036,0.15210,0.07434,5.27,158.97,-18.80
43599,-0.17261,-0.97035,0.15194,0.07439,5.27,158.95,-18.78
43633,-0.17261,-0.97035,0.15194,0.07439,5.27,158.95,-18.78
43666,-0.17224,-0.97037,0.15219,0.07459,5.30,158.99,-18.81
43699,-0.17301,-0.97035,0.15119,0.07499,5.35,158.90,-18.71
43732,-0.17393,-0.97034,0.14997,0.07552,5.42,158.79,-18.59
43766,-0.17380,-0.97034,0.15010,0.07552,5.42,158.80,-18.60
43799,-0.17291,-0.97036,0.15103,0.07542,5.40,158.90,-18.70
43832,-0.17315,-0.97035,0.15095,0.07517,5.37,158.88,-18.69
43865,-0.17342,-0.97035,0.15042,0.07559,5.42,158.84,-18.64
43899,-0.17396,-0.97035,0.14953,0.07619,5.50,158.77,-18.55
43932,-0.17424,-0.96993,0.15194,0.07614,5.44,158.73,-18.83
43966,-0.17450,-0.96992,0.15166,0.07619,5.44,158.70,-18.80
43999,-0.17463,-0.96992,0.15150,0.07625,5.45,158.68,-18.78
44032,-0.17477,-0.96992,0.15117,0.07655,5.49,158.66,-18.75
44065,-0.17477,-0.96992,0.15117,0.07655,5.49,158.66,-18.75
44098,-0.17502,-0.96991,0.15093,0.07654,5.49,158.64,-18.73
44132,-0.17503,-0.96991,0.15085,0.07666,5.50,158.63,-18.72
44165,-0.17490,-0.96992,0.15097,0.07667,5.50,158.65,-18.73
